*****************************
Name:        Harmeet Gill
Class:       CS30S
Assignment:  A1_5 Q1
*****************************

7
22
28
26
16
15
30
49
34
43
27
22
20
38
1
47
15
23
13
19
25
22
32
34
20
5
11
26
35
49
21
19
47
25
21
7
31
14
28
13
47
14
38
11
3
31
25
3
13
47
20
38
19
32
43
20
40
17
33
13
3
28
2
5
8
33
8
41
39
1
38
4
28
17
19
32
7
42
21
15
17
34
19
2
40
39
25
38
2
2
25
15
7
6
5
41
5
46
1
45
17
5
7
44
38
5
36
25
10
16
5
2
16
8
4
32
37
23
25
48
5
32
2
41
47
32
28
40
32
10
33
21
37
23
48
34
13
46
47
5
11
46
12
14
3
50
38
29
19
11
34
45
8
14
29
2
40
43
9
10
48
10
32
32
34
16
26
41
20
27
24
40
8
20
35
17
17
38
6
14
30
8
26
35
12
8
42
47
49
36
27
22
27
12
45
5
40
26
22
6
13
45
38
44
41
7
49
46
47
17
18
18
13
13
30
26
48
28
1
47
12
8
33
43
28
27
50
42
2
20
5
39
29
20
40
46
14
21
4
24
24
40
22
20
46
43
37
30
33
12
50
19
45
18
37
5
9
26
7
15
25
13
37
21
32
6
42
30
33
32
16
38
15
5
33
28
3
28
41
44
13
6
38
30
34
34
22
29
13
46
15
41
19
30
2
39
41
44
48
44
16
4
1
21
22
28
41
46
48
21
14
49
15
37
4
23
9
37
7
50
21
20
9
13
31
28
46
35
5
32
41
24
21
25
35
9
10
48
15
41
47
17
19
20
27
7
26
44
46
6
42
30
4
12
45
12
20
23
48
41
17
46
5
11
48
8
34
49
21
41
31
17
14
9
5
3
44
40
28
49
7
36
13
44
35
19
33
5
6
22
7
10
28
8
20
7
7
1
33
28
34
25
13
1
39
38
26
25
46
38
9
34
11
48
9
33
27
49
18
45
31
42
14
2
45
44
33
40
11
11
12
4
33
46
50
9
16
14
27
5
24
45
23
7
43
12
5
42
23
36
48
3
39
18
18
27
27
50
49
7
37
23
34
4
13
14
37
35
37
24
19
39
12
6
30
49
35
5
25
27
42
45
37
35
10
27
6
45
16
27
8
34
13
50
40
41
44
39
6
37
34
31
26
10
23
7
4
44
40
26
46
27
37
24
28
11
21
45
15
12
26
45
26
14
10
28
16
25
28
42
39
19
1
48
48
3
35
48
15
14
34
4
41
33
38
22
46
48
11
39
36
4
48
16
16
5
28
32
27
4
4
23
43
22
10
36
20
6
33
39
7
8
6
2
24
11
12
28
41
24
20
31
41
14
30
42
38
21
26
42
17
7
14
28
44
15
33
13
35
2
26
46
5
8
26
25
19
6
27
18
31
42
25
41
21
43
22
37
13
8
4
26
10
6
40
23
18
42
2
24
35
18
29
49
13
43
45
17
35
24
2
14
33
24
9
13
15
9
25
6
28
36
17
32
18
26
23
6
44
15
46
41
44
2
41
45
9
3
33
25
19
34
23
5
1
6
44
21
33
39
37
9
50
16
49
47
37
37
8
46
9
16
45
10
31
41
1
38
15
28
46
22
11
48
29
45
39
7
17
50
27
5
29
30
28
34
26
47
29
41
47
33
15
3
28
43
21
46
10
40
4
29
36
32
32
22
44
44
19
13
42
6
26
18
26
37
15
15
18
30
7
25
39
23
44
3
34
46
11
2
6
25
13
2
19
5
19
28
38
38
49
12
27
10
33
21
21
26
8
41
5
47
42
34
44
46
31
28
43
34
7
29
38
11
22
25
11
10
44
15
26
17
15
26
12
19
9
8
32
28
32
18
15
41
39
48
15
44
2
37
14
1
13
25
10
13
28
22
10
35
29
24
12
15
43
15
8
17
18
16
19
3
26
23
26
6
2
22
49
41
49
38
14
22
38
12
15
43
17
35
2
11
49
48
2
18
29
36
11
5
4
10
1
16
24
28
8
6
27
37
31
20
29
13
43
50
49
23
20
31
9
15
7
9
29
1
13
27
29
36
38
49
26
41
29
30
1
33
3
37
18
21
25
7
7
25
41
2
45
20
39
37
41
45
41
15
29
10
30
2
49
35
45
21
33
30
29
34
44
28
13
22
38
17
12
48
23
50
50
35
30
29
5
37
13
8
40
16
19
6
19
41
5
5
6
14
43
1
3
5
2
30
25
4
24
32
39
31
37
36
28
23
20
37
8
48
22
32
39
24
48
7
8
5
44
26
12
33
10
16
End of Processing
